50 54 4D 31 30 20 53 43 52 2E 4F 46 46 0D 0A 32
30 20 43 4C 53 0D 0A 33 30 20 53 50 52 2E 43 4C
52 0D 0A 34 30 20 43 53 52 2E 4F 46 46 0D 0A 35
30 20 54 49 4C 45 2E 4E 45 57 20 27 40 27 2C 31
35 2C 30 0D 0A 36 30 20 54 49 4C 45 2E 41 44 44
20 27 2D 27 2C 30 2C 31 35 0D 0A 37 30 20 53 50
52 2E 4E 45 57 20 22 50 4C 41 59 45 52 22 0D 0A
38 30 20 53 50 52 2E 47 52 49 44 20 22 50 4C 41
59 45 52 22 2C 30 0D 0A 39 30 20 53 50 52 2E 53
48 4F 57 20 22 50 4C 41 59 45 52 22 2C 31 0D 0A
31 30 30 20 53 50 52 2E 4E 45 57 20 22 45 4E 45
4D 59 22 0D 0A 31 31 30 20 53 50 52 2E 47 52 49
44 20 22 45 4E 45 4D 59 22 2C 30 0D 0A 31 32 30
20 53 50 52 2E 53 48 4F 57 20 22 45 4E 45 4D 59
22 2C 31 0D 0A 31 33 30 20 53 50 52 2E 50 4F 53
20 22 45 4E 45 4D 59 22 2C 33 30 2C 32 30 0D 0A
31 34 30 20 3A 6C 6F 6F 70 0D 0A 31 35 30 20 63
6C 73 0D 0A 31 36 30 20 53 50 52 2E 43 48 4B 20
22 50 4C 41 59 45 52 22 2C 22 45 4E 45 4D 59 22
2C 63 6F 6C 6C 0D 0A 31 37 30 20 6C 6F 63 61 74
65 20 30 2C 32 30 0D 0A 31 38 30 20 70 72 69 6E
74 20 63 6F 6C 6C 0D 0A 32 30 30 20 73 70 72 2E
74 67 65 74 78 20 22 50 4C 41 59 45 52 22 2C 20
70 78 0D 0A 32 31 30 20 73 70 72 2E 74 67 65 74
79 20 22 50 4C 41 59 45 52 22 2C 20 70 79 0D 0A
32 31 35 20 6C 6F 63 61 74 65 20 33 2C 32 30 0D
0A 32 31 36 20 70 72 69 6E 74 20 70 78 0D 0A 32
31 37 20 6C 6F 63 61 74 65 20 31 30 2C 32 30 0D
0A 32 31 38 20 70 72 69 6E 74 20 70 79 0D 0A 32
31 39 20 72 65 66 72 65 73 68 0D 0A 32 32 30 20
43 41 4C 4C 2E 4B 20 22 52 49 47 48 54 22 2C 72
69 67 68 74 0D 0A 32 33 30 20 43 41 4C 4C 2E 4B
20 22 4C 45 46 54 22 2C 6C 65 66 74 0D 0A 32 34
30 20 43 41 4C 4C 2E 4B 20 22 44 4F 57 4E 22 2C
64 6F 77 6E 0D 0A 32 35 30 20 43 41 4C 4C 2E 4B
20 22 55 50 22 2C 75 70 0D 0A 32 36 30 20 47 4F
54 4F 20 6C 6F 6F 70 0D 0A 32 37 30 20 3A 72 69
67 68 74 0D 0A 32 38 30 20 53 50 52 2E 4D 4F 56
45 20 22 50 4C 41 59 45 52 22 2C 31 2C 30 0D 0A
32 39 30 20 52 45 54 0D 0A 33 30 30 20 3A 6C 65
66 74 0D 0A 33 31 30 20 53 50 52 2E 4D 4F 56 45
20 22 50 4C 41 59 45 52 22 2C 2D 31 2C 30 0D 0A
33 32 30 20 52 45 54 0D 0A 33 33 30 20 3A 64 6F
77 6E 0D 0A 33 34 30 20 53 50 52 2E 4D 4F 56 45
20 22 50 4C 41 59 45 52 22 2C 30 2C 31 0D 0A 33
35 30 20 52 45 54 0D 0A 33 36 30 20 3A 75 70 0D
0A 33 37 30 20 53 50 52 2E 4D 4F 56 45 20 22 50
4C 41 59 45 52 22 2C 30 2C 2D 31 0D 0A 33 38 30
20 52 45 54 0D 0A 
